12216 4159 1706 7309 9757 6041 11602 11800 9417 3638 
152 199 11593 12012 10725 2949 7950 2270 10556 9638 
2001 2683 4845 166 11411 12253 8993 8094 8351 3905 
7432 7927 4440 1688 11671 10211 1001 7611 2356 6965 
9026 11223 6853 7502 11510 12110 3819 3131 5561 10606 
5835 12099 8633 4682 8887 9854 10898 8400 8310 10839 
11469 10869 133 4300 4933 1918 7117 3893 893 2626 
2459 7063 8058 9958 7771 3931 1878 7983 1694 9661 
2794 3731 6451 4036 8938 5913 428 5495 10417 7984 
11325 9358 100 4438 7658 11448 11317 10768 3869 1618 
7571 10749 9496 11236 285 9250 4021 8326 8747 3424 
172 659 10971 450 4883 10885 4076 12070 7457 1063 
7415 3984 10283 8460 2776 8246 364 5048 5444 2559 
4742 1125 11099 7636 6454 1835 11500 4680 1973 9336 
9494 9344 5296 3952 10147 11950 2888 4820 11999 1597 
3587 7249 8093 5667 9604 4078 11452 6701 4760 5041 
7526 10856 8261 9874 2804 8108 11529 6262 7553 10409 
7797 3438 10255 1108 5187 10673 7432 10367 7326 2946 
619 7428 4004 9775 2409 11514 4804 5523 11210 7843 
8769 1850 5419 6375 7101 2644 2331 6332 3830 9987 
1244 4109 11408 9500 9503 6877 5038 8386 5661 3105 
2458 1407 8957 6965 7810 1494 8776 705 5946 6916 
4967 6655 4454 1824 1864 10797 8641 1641 10793 7732 
2412 10582 9056 10700 6033 1655 4178 5200 4594 3031 
9019 5198 11901 3885 4187 609 7625 10486 557 10170 
712 912 7648 6051 10277 11060 