220 8078 9334 7096 7104 4810 5201 452 1824 6780 
7763 3861 8050 12238 6334 2558 4769 8860 9393 442 
6222 4756 7931 1913 7135 10395 2994 1479 2867 5194 
11895 9303 5874 2520 8276 11599 10415 7657 6541 114 
5976 12095 9053 11225 11030 4110 5924 9644 1526 3117 
9663 6479 8542 5366 1800 4255 3150 10650 7336 12174 
4200 6879 11278 6869 588 4341 7195 12019 4696 5110 
1040 11813 9042 9948 506 7405 3135 3677 1891 9285 
8813 10126 1582 11807 10491 4307 11931 9260 4092 2001 
10485 388 4322 3523 4248 697 3792 6727 4456 8144 
10804 3333 12023 12204 1784 6116 8685 305 1653 8578 
9242 9000 7898 257 3430 4169 9317 8164 8601 8924 
10422 10602 12262 11259 7898 11243 10565 3751 8861 5487 
12101 3010 1511 2566 1698 3446 2996 6238 4250 11405 
2129 6280 11881 3937 11866 5351 5267 10075 6650 7270 
3852 1735 2059 2463 8726 3674 9164 7834 2019 2800 
4198 9193 1699 7748 11451 1095 8879 5604 4228 5455 
2343 5597 7612 4898 5461 2728 3915 9563 11462 7984 
9716 4221 2018 8380 3981 3604 83 9684 10038 10900 
11797 6754 9580 1453 278 4589 9539 7150 4072 519 
6033 8760 6391 9469 4095 2783 5399 9636 3321 10064 
10475 5521 52 10508 7207 1615 1161 9510 417 5083 
4166 4840 5205 768 16 2947 11219 3851 8176 5039 
1429 8709 7085 10378 8552 6179 3599 11603 10974 6476 
6613 4564 581 6380 5625 5749 4624 1391 4849 6096 
309 10415 9584 2523 10269 4926 